5807
5607
163.286089
-231.501481
238.272698
-253.752245
266.930265
-270.756576
277.308494
-295.865562
307.805303
-289.009892
250.507172
-226.595455
221.503565
-199.768740
139.986528
-68.353291
19.376754
12.616920
-55.660519
109.133992
-142.751197
143.312494
-131.161951
123.430890
-108.927540
74.224681
-31.454495
-1.718498
34.291124
-87.963368
157.053822
-208.690513
225.389205
-223.618801
222.028909
-213.337031
181.767337
-129.982469
70.298570
-2.291776
-81.036060
172.717340
-255.990447
325.039102
-385.522990
435.663592
-461.173631
452.313334
-416.115472
366.132298
-306.210978
231.474663
-141.791101
45.474094
49.438909
-138.576373
216.147052
-275.876008
316.896707
-339.360901
334.987323
-291.323602
204.063418
-76.578461
-90.067347
297.554863
-542.613636
816.647066
-1111.701372
1420.016002
-1727.338285
2011.648157
-2250.554873
2427.932566
-2531.932835
2549.326183
-2466.875317
2279.860751
-1996.592202
1634.010292
-1212.658574
757.459667
-299.038547
-130.350284
502.683807
-795.964888
993.783711
-1087.901773
1082.402672
-992.901882
840.606668
-648.855381
445.242671
-262.357723
131.209481
-71.676198
88.473147
-175.350655
322.340488
-517.799934
743.035965
-968.345733
1159.773534
-1291.430654
1349.657935
-1327.070043
1218.894430
-1029.124695
777.517739
-494.690074
208.188630
63.706830
-304.099052
491.478205
-609.359247
658.100442
-648.964556
589.484351
-484.596839
350.813784
-216.963460
106.268591
-24.557229
-31.328643
61.595790
-65.347136
48.694723
-24.258809
4.027264
3.652385
7.185224
-38.718963
86.518764
-142.363683
201.187884
-262.118668
320.852079
-364.739417
380.991219
-369.799786
343.828455
-312.868440
274.911445
-226.078539
172.756554
-126.443491
90.240216
-58.771089
30.514460
-11.817223
6.237028
-6.447351
1.921636
8.464062
-17.068375
19.668846
-20.862533
25.714843
-31.359325
30.526717
-20.482789
5.332777
8.655459
-17.300770
19.047144
-13.773098
2.080992
14.569519
-33.715945
52.118571
-65.712841
69.751231
-60.728562
38.802741
-7.122422
-31.446112
75.499647
-122.535080
166.117983
-196.671616
206.531639
-195.097302
167.471347
-126.988626
72.188991
-4.144765
-65.979456
121.138281
-149.980359
151.928706
-131.802720
93.011958
-37.906504
-27.395862
92.968904
-150.748242
196.055456
-222.306179
220.854420
-190.861289
144.323986
-95.717900
49.567679
-2.610232
-44.301329
81.633385
-99.703369
99.119878
-89.525938
79.019783
-70.754244
70.853319
-90.231351
132.820754
-189.547013
249.415376
-308.573258
362.767020
-399.244291
403.998790
-373.262682
312.997857
-229.459408
124.526112
-1.740232
-125.171825
234.982515
-312.072472
352.336719
-355.947873
323.461624
-261.840672
184.047532
-98.202594
6.281953
83.112119
-151.152604
183.863204
-183.848034
161.864698
-122.298467
64.052482
5.837620
-68.461200
108.345684
-127.045820
134.018357
-128.787957
102.773888
-56.625747
4.686086
37.896527
-63.977461
71.822743
-62.869674
41.955390
-12.655528
-26.821554
76.714503
-126.115576
157.830326
-163.857427
149.995716
-123.481177
82.705874
-23.915273
-46.903053
115.891613
-173.074330
215.432951
-239.358510
237.856412
-206.818294
148.206480
-65.707274
-37.334005
154.037150
-272.732801
381.836903
-473.377606
540.334335
-572.879696
560.881383
-502.137842
405.780306
-283.323113
138.917458
24.438912
-192.282204
343.780412
-468.272142
564.621402
-626.505198
643.429419
-615.678390
554.009114
-465.953941
356.290234
-238.807295
133.026328
-48.643747
-16.541356
63.818601
-87.828039
84.811480
-60.218821
25.263258
10.824275
-42.076748
62.521474
-68.142944
62.135145
-51.755065
39.468061
-23.754692
8.069491
-0.378282
2.734682
-9.048484
14.859954
-22.576080
34.014163
-42.753571
39.210919
-22.151591
-0.594536
23.895604
-50.224915
78.618768
-97.443703
96.477751
-79.724912
57.484469
-31.668982
-0.758256
33.710789
-53.136196
53.036266
-40.308457
20.257380
12.806265
-63.292534
121.309465
-171.898424
210.078021
-235.840425
242.243315
-222.613378
184.563052
-143.580925
106.071194
-70.476075
42.955969
-40.010021
72.196732
-132.455254
206.184370
-287.759810
376.700143
-459.385740
510.454972
-516.955162
485.715527
-421.376705
315.282433
-165.513448
-8.061765
179.124043
-333.846070
467.699849
-573.939677
642.577390
-666.446475
645.772361
-588.829631
507.598199
-412.393517
312.982228
-222.890843
156.324716
-119.580052
108.983970
-117.083893
137.415056
-163.694939
188.815979
-206.575562
211.760741
-196.934764
153.262419
-79.487725
-11.856449
102.704904
-183.346201
253.283861
-309.709323
342.324174
-341.694116
307.320904
-243.682667
151.779845
-30.364075
-113.868959
262.403054
-395.363088
504.192442
-589.990924
650.079438
-672.038664
644.610858
-570.849820
464.509218
-334.186386
178.210975
2.206973
-191.367562
366.033518
-510.623123
621.057226
-696.308330
731.743514
-722.089426
668.443752
-579.973768
468.920975
-346.511547
224.194086
-114.648449
28.850932
25.399464
-42.315907
21.316130
28.157728
-91.970874
162.192194
-235.751328
303.272466
-349.249403
365.051101
-353.150623
316.628153
-253.327849
164.569055
-62.878424
-34.642049
117.388511
-181.635516
223.404491
-236.896887
219.720588
-175.952340
114.495187
-46.731476
-16.385252
68.331935
-107.188097
130.630124
-133.569789
112.462166
-69.360671
10.389627
57.379980
-126.304275
187.499690
-232.322097
255.607925
-256.679567
235.751295
-190.859424
121.475211
-33.294618
-65.500465
171.025791
-280.570574
384.436046
-469.092050
529.350388
-570.187963
594.328278
-594.583527
562.885356
-502.403703
425.227481
-341.093695
254.855063
-172.509337
101.021725
-42.314899
-4.765309
37.071377
-49.711127
45.573770
-35.242254
27.594632
-24.762371
24.261110
-22.769422
20.008999
-20.253988
28.053498
-43.165480
60.580987
-72.334391
69.742570
-50.098101
21.148486
7.219333
-33.923674
62.645552
-90.532646
109.598425
-117.375553
118.419272
-115.739480
107.057835
-91.015182
72.502179
-57.778385
46.348843
-33.377260
19.752074
-12.631172
15.259423
-23.662897
33.467554
-41.795882
43.440393
-34.378481
18.139522
-0.614401
-19.121295
45.345567
-76.338342
105.664792
-130.215478
151.278902
-169.283177
181.135436
-182.017888
168.684549
-141.679982
103.431785
-53.207996
-13.145427
95.845166
-186.754626
276.022905
-359.877693
437.601852
-505.230603
558.333416
-596.515714
618.448385
-618.176939
594.109836
-554.825796
507.473796
-448.227562
373.215015
-290.833429
214.329898
-148.857644
92.091727
-41.438596
-2.837157
36.952462
-57.008704
66.736049
-75.682364
85.531883
-88.421908
83.975539
-85.131328
100.400880
-123.302890
146.290354
-172.845154
208.460822
-249.192762
285.216628
-308.970404
315.752124
-301.633228
264.906381
-207.548479
132.494482
-40.121015
-69.380227
189.278018
-306.287583
409.628178
-494.956304
557.586368
-590.535363
592.708397
-569.576049
523.512195
-454.525102
370.983275
-286.527661
206.758704
-131.751874
68.507475
-26.956003
6.793694
0.016882
2.169147
-12.620426
27.760326
-41.540348
49.026231
-47.652181
38.444058
-25.666304
13.108119
-2.692858
-3.449333
3.369958
3.088514
-15.636049
33.558710
-52.996578
68.181489
-75.068860
70.240964
-50.124523
15.718579
27.008742
-74.087825
123.650804
-168.185607
196.458722
-204.598106
196.451395
-172.973923
130.424525
-70.081694
2.452382
60.273290
-112.079344
152.330452
-180.139966
191.907537
-184.302956
159.050469
-124.773728
92.699863
-68.308201
49.037806
-33.451126
28.202272
-38.906063
58.415680
-73.128225
77.287365
-72.273300
56.103000
-23.791777
-23.290486
76.445742
-129.174354
182.951738
-240.057617
292.344335
-323.639627
325.761923
-305.080176
269.833114
-219.966954
153.968045
-76.462929
-4.814314
81.310266
-142.277016
180.182884
-197.149482
199.039867
-186.229341
156.368118
-112.322573
62.759119
-18.324252
-11.363157
21.763714
-15.685350
-1.811954
30.077164
-70.620168
118.952589
-163.666408
195.333098
-212.076804
213.928880
-197.438472
161.038181
-110.658615
54.679561
1.627248
-53.109299
93.222544
-118.421184
127.295758
-115.659264
80.923158
-30.157333
-23.871441
72.596073
-112.541588
140.557432
-152.442571
144.192803
-115.465644
74.322351
-33.614260
-0.835051
31.895922
-58.646976
71.493308
-63.395504
37.568066
-0.933230
-42.450141
88.801197
-132.232981
167.817508
-192.651186
203.497530
-198.780789
182.642295
-160.841958
134.267587
-104.094647
79.435515
-69.217436
71.072772
-79.597118
98.301070
-130.707160
168.435683
-200.398226
224.349644
-240.124808
242.241052
-225.757687
190.526050
-138.893410
76.745021
-12.288098
-51.247263
113.089549
-164.742632
195.700762
-207.136157
205.720453
-189.860957
156.206043
-111.692783
67.111589
-26.809481
-8.148779
34.909782
-50.635696
54.794480
-50.611365
43.812167
-34.505161
16.239083
8.082561
-21.105209
14.029820
-0.325907
-5.814722
8.330528
-15.271559
22.693967
-23.379488
18.802003
-14.562985
11.606520
-5.989619
-4.636690
14.363206
-12.464543
-2.134127
16.948330
-23.539657
29.543181
-44.260002
62.271508
-71.055348
66.689633
-54.146760
38.808070
-23.459473
8.788685
6.053709
-20.055011
28.409090
-28.071099
22.474373
-15.993943
7.780453
3.360557
-13.069636
17.571818
-21.006949
28.508174
-35.579321
32.808467
-19.393761
4.658848
3.441438
-5.424403
5.353215
-3.813664
-1.404455
10.095582
-18.715392
24.708068
-29.464466
36.463587
-46.873863
56.304079
-57.618621
50.247463
-43.381693
43.974783
-46.357976
41.946785
-33.058278
27.178530
-24.053587
18.307791
-8.800456
-2.031289
12.544572
-22.107128
31.866358
-44.088645
56.576739
-63.322526
63.911937
-63.786244
63.563786
-57.874487
44.821683
-28.484402
14.507596
-7.448755
6.424620
-3.554452
-4.011809
5.505921
7.897046
-27.423589
39.903863
-45.955515
52.272090
-57.217735
55.372889
-47.146992
36.653674
-26.257806
14.969021
1.175203
-23.535097
44.416479
-53.890516
53.343028
-53.255694
58.495738
-64.756634
68.081847
-70.016896
73.486168
-78.036644
80.436744
-79.877131
79.949623
-81.209413
75.809084
-58.123037
36.263067
-21.660540
12.153802
1.240785
-15.984454
21.463718
-16.845891
10.812142
-5.985193
-3.332139
19.233987
-36.326231
48.824506
-54.849265
55.760091
-55.051005
54.167683
-48.175325
32.187299
-12.976091
5.752839
-17.171592
38.776071
-59.352560
77.634161
-100.121321
129.760755
-159.458221
177.165674
-176.849145
162.620562
-141.534258
115.296444
-81.566071
41.811592
-3.769898
-26.708248
53.072610
-79.976794
99.648448
-99.158409
82.343880
-68.064543
63.147488
-55.177030
36.817152
-19.160914
15.524970
-26.181604
41.783607
-52.543968
56.170726
-61.361512
75.998716
-91.631185
92.418618
-77.210434
57.169041
-36.007704
9.833128
18.382248
-40.815702
57.054299
-71.046764
80.349190
-79.449086
70.253263
-60.076378
50.726664
-37.231968
18.260577
-1.236837
-6.134178
4.114439
3.018873
-13.252083
24.594443
-32.863615
36.923323
-40.825546
46.624891
-49.635236
43.971991
-30.114641
15.488914
-8.106013
9.050218
-11.831875
10.418210
-6.147768
5.286002
-11.768964
23.112484
-32.344130
34.981343
-33.669029
32.480755
-29.218368
20.331770
-10.231009
6.235206
-6.728799
3.595451
5.765294
-16.383853
22.886596
-22.883078
16.331171
-5.978049
-4.009300
12.128309
-19.989637
28.461880
-36.505089
43.522617
-49.186465
51.332442
-48.147311
41.989095
-36.645654
31.845799
-25.327277
18.421507
-14.420197
13.971002
-16.120655
20.002166
-23.563152
25.960315
-29.789018
34.448884
-33.614233
27.318374
-25.281388
28.975240
-25.824800
11.200415
1.375672
-1.273295
-5.261552
9.354724
-13.061956
24.135787
-45.964250
72.545808
-91.509615
97.713106
-99.983316
105.176032
-105.255123
92.248263
-72.817719
55.430773
-37.400411
14.821457
8.751364
-29.787273
48.441618
-62.918592
69.808617
-68.198382
58.290155
-41.284343
21.595686
-2.280536
-18.094713
37.111097
-46.073463
43.755133
-40.501994
40.742615
-35.105039
18.068626
-0.009058
-7.202510
6.211556
-7.450503
12.886519
-13.863706
3.414986
14.116839
-27.502137
31.032987
-29.321212
28.989906
-29.730336
27.213010
-21.417996
16.010400
-10.827642
2.224755
8.364395
-13.923519
12.687883
-12.053640
17.402579
-24.008408
25.538676
-23.988620
24.042656
-22.969131
14.627994
-0.256780
-13.139222
23.102018
-32.255501
39.825386
-40.981637
35.330200
-29.424180
28.660066
-30.041847
25.407757
-12.162107
-1.471448
6.453420
-6.417590
11.875453
-21.380434
22.300659
-12.750805
6.569518
-10.859309
14.102594
-4.517651
-12.082317
21.345853
-19.586253
15.762752
-16.795743
18.643566
-15.641745
12.056435
-14.564620
17.922408
-12.351718
2.086861
0.506058
3.281329
-1.915658
-3.329481
0.021313
11.110279
-15.273024
9.391163
-8.170512
19.023417
-29.383803
27.734855
-21.920045
24.574215
-31.503953
28.565966
-13.853624
-0.381806
5.629667
-6.121016
9.962318
-18.422389
25.155213
-23.505800
13.937957
-2.709494
-7.046618
17.649957
-28.561187
33.739419
-31.347900
28.085276
-28.940508
29.580722
-23.535131
11.293143
1.656032
-11.371316
16.502510
-16.128071
10.631114
-3.473097
-1.798644
6.350235
-14.180032
25.208015
-34.465382
38.350513
-36.758888
29.288497
-15.791070
1.373798
5.663777
-2.657205
-5.479988
14.368258
-26.202450
46.453634
-77.505537
116.645405
-157.858889
194.045278
-219.371109
231.584457
-231.267576
218.068040
-190.068080
148.161453
-97.658170
43.742328
10.796796
-62.000582
104.362390
-136.067886
158.968160
-171.451421
167.795893
-147.280991
117.571560
-85.654597
51.667436
-16.404313
-11.326950
22.860624
-21.892387
19.249257
-16.060967
2.235473
25.872407
-55.718340
71.492454
-70.171980
60.093014
-49.043779
38.869519
-28.548755
17.423796
-5.353785
-7.202867
17.635555
-21.404407
16.696958
-8.430759
4.029708
-4.720094
4.615453
0.983485
-10.113370
17.479177
-19.508793
15.534750
-7.465837
-0.860963
6.355230
-8.853843
9.335925
-7.735393
4.549687
-1.878855
-0.088558
4.518664
-12.539706
20.324157
-25.429441
31.009062
-38.476319
41.355968
-33.570342
20.548050
-15.090311
22.435059
-33.632879
35.421904
-25.685926
15.407440
-12.504861
10.281810
-0.691889
-8.619307
5.960612
1.677095
2.328561
-15.175471
17.047141
-3.635163
-6.308216
1.108074
6.726377
-2.680626
-7.218623
8.454347
-1.244041
-2.119727
-2.772060
8.096478
-7.066104
0.643297
7.714236
-14.781768
16.703550
-13.334672
10.597493
-11.678190
10.761938
-2.737725
-6.390132
6.681848
1.883903
-9.399986
8.342470
-1.539033
-2.616286
0.953433
1.064819
2.301820
-9.029026
13.207443
-13.588948
13.502651
-14.424372
14.223454
-11.367478
7.743552
-6.272666
7.041001
-7.801183
7.891522
-8.118906
6.575185
0.032382
-9.730224
16.024225
-16.672834
15.932228
-17.548580
20.997070
-24.273397
25.555402
-23.061772
17.015616
-10.806541
8.189433
-9.685281
11.160310
-5.955795
-7.982348
22.276796
-24.897772
15.100669
-6.036656
8.885180
-18.911495
22.075206
-13.037596
0.872992
3.659396
-0.771800
-1.977267
1.330228
-0.368992
0.801754
0.510621
-5.845304
11.366584
-11.365276
7.226852
-6.954452
12.767881
-15.659162
9.012737
-0.394965
-0.604156
-0.839389
-6.340001
19.024582
-23.945288
18.940845
-15.400217
19.469407
-23.598721
19.436091
-9.592284
2.251319
-0.006128
-1.204806
5.125745
-11.387579
17.098675
-18.920052
15.221877
-9.038876
6.320135
-8.332897
9.531732
-6.216640
2.289274
-2.286566
4.497051
-6.127233
9.010936
-13.482844
12.607436
-1.536053
-11.078752
11.227643
1.149143
-10.374963
5.060048
7.678772
-12.551738
5.503267
3.212478
-3.734621
-1.650376
3.657490
1.377183
-8.902767
14.178442
-16.677603
16.704277
-14.427552
13.150354
-16.528048
21.325960
-20.296430
13.681390
-10.015288
13.218645
-16.542319
12.981571
-5.597513
2.784220
-6.478250
9.398533
-4.102843
-7.138044
13.597739
-8.821843
0.005278
0.334721
8.478522
-14.057901
8.950849
-0.706133
-1.272804
-0.248790
-2.373369
7.761663
-8.510992
3.582631
0.844032
-0.534759
-2.958641
6.028222
-6.465502
4.114625
-0.297329
-3.271700
4.640906
-1.273688
-7.368291
16.631361
-20.494175
19.498620
-19.789779
23.196309
-24.344605
19.570967
-12.264373
6.402960
-1.058636
-4.750393
7.541997
-4.856379
1.052227
-2.060143
6.509141
-7.108453
0.606125
7.619633
-10.421635
7.767227
-5.614156
6.723414
-7.180117
3.578697
1.370078
-4.218054
7.633256
-16.596128
29.741572
-39.505893
40.873422
-36.279861
30.773399
-25.273313
17.392216
-7.276747
-1.663692
8.073447
-14.288375
21.575519
-27.958787
32.021262
-34.666947
35.554553
-31.602211
21.419237
-9.181165
1.605654
-0.864283
2.239604
-0.531268
-2.702200
1.664461
4.809698
-11.392044
13.439404
-11.986157
11.123168
-13.224592
16.645706
-16.756907
10.789749
-2.341110
-1.800311
0.030107
2.463104
-1.713279
0.773628
-4.737142
12.450286
-17.224351
15.934011
-13.509364
15.883932
-21.222919
22.127473
-15.729480
7.877331
-6.593423
13.335974
-21.327556
22.009642
-13.437317
2.271414
3.180035
-1.114490
-3.671870
6.133846
-4.907547
1.148414
3.334719
-6.792305
8.492567
-8.831458
7.722847
-4.579332
0.506547
2.492584
-5.117231
9.331467
-12.923960
11.735747
-8.555624
11.634532
-20.609950
22.259332
-7.168783
-15.268489
27.037352
-23.938607
18.518018
-19.779655
19.997624
-8.038869
-11.659000
23.684902
-22.543608
18.581412
-22.110360
30.217403
-32.678338
25.470689
-14.423284
7.588869
-6.973804
7.912932
-5.021503
-2.485849
11.005443
-16.481103
17.301374
-14.024914
8.036910
-1.982124
0.013822
-3.647618
7.408904
-3.856411
-5.906950
12.438901
-10.311104
4.396167
-1.653634
1.826621
0.656757
-7.946646
14.733876
-14.729366
10.503752
-11.026688
16.890710
-17.191143
7.490163
0.316969
3.711092
-10.776050
7.810867
1.661685
-5.793871
4.666796
-6.362909
9.101425
-3.765329
-8.369998
15.658298
-14.124654
12.162547
-14.888970
15.615861
-7.757721
-3.572251
8.012401
-3.305393
-2.823420
2.660663
2.752025
-6.139199
4.329265
-1.951371
2.670812
-2.960359
0.059410
1.030480
3.402859
-6.970837
3.133526
2.762020
-1.745485
-4.282084
6.563116
-3.496157
1.075447
-2.296233
4.840920
-8.049943
13.935738
-20.289845
20.631547
-14.359308
9.501835
-10.315358
10.180678
-3.674138
-3.346014
4.348640
-3.087155
4.258682
-3.528992
-2.875229
8.916314
-8.975277
7.573787
-10.278692
14.021555
-13.794135
11.195132
-10.167465
9.553717
-4.634281
-5.561860
14.550010
-13.730402
2.937952
7.831221
-11.331429
12.588919
-18.440764
23.396065
-17.294554
4.199842
-0.101379
9.952866
-19.767193
16.833964
-6.127559
-1.714292
8.074376
-19.758122
31.877033
-31.675966
17.779555
-3.756823
1.070157
-6.339867
7.847593
-0.220292
-10.440001
15.538327
-14.860191
14.593640
-16.257308
14.673389
-7.525231
-1.236313
9.410687
-19.216784
29.104312
-32.218755
27.528485
-23.733499
26.573745
-30.553271
29.825391
-28.953466
33.972516
-39.551015
35.740230
-23.719459
14.580461
-13.957533
16.656313
-16.341830
12.839051
-8.056327
0.675447
10.734171
-21.919073
25.935408
-22.850026
20.799409
-24.227101
26.940582
-22.210476
14.204813
-11.647966
13.669109
-11.204176
2.337790
3.287472
0.358653
-4.490161
-1.488282
11.278831
-8.831137
-7.168085
19.817278
-16.912798
4.706484
4.286080
-6.288160
5.466731
-6.183579
9.532645
-13.884761
17.173870
-18.475913
16.673599
-10.498951
2.357789
2.476811
-3.292251
4.496804
-6.529638
4.275814
2.718108
-7.235740
5.417966
-3.185724
7.124269
-14.408656
16.905918
-12.913542
9.780650
-13.883183
21.683123
-23.863869
16.632737
-5.709351
-0.312513
-1.823912
8.108601
-11.755966
9.316145
-3.032285
-1.938448
2.056949
1.817981
-4.974285
3.093844
3.296883
-9.971536
14.388100
-17.336342
19.468484
-19.433381
15.962786
-9.762577
3.170776
1.373210
-3.232138
3.874051
-4.388962
4.059943
-2.846182
2.762575
-3.965704
1.988198
6.689708
-17.459533
21.528662
-17.869611
14.880397
-17.225261
18.424651
-12.223748
3.688741
-0.660592
0.775113
3.322607
-10.659377
13.391959
-9.183570
4.492463
-5.499069
10.277184
-12.192561
10.062878
-10.147032
14.623437
-15.054900
5.931247
2.570422
1.902475
-13.725448
17.314814
-10.318547
3.310847
-0.017916
-6.142152
16.843592
-25.071472
28.004383
-30.821213
34.694883
-33.012756
24.741873
-19.968605
23.908400
-26.061071
16.394854
-2.922063
-0.497626
-3.454677
0.319214
13.361975
-25.903311
27.436361
-20.478387
13.982620
-13.394238
16.966279
-19.984063
21.602540
-23.499734
21.926541
-11.082056
-2.938017
5.411050
4.215150
-8.649273
-0.429609
9.328010
-6.506486
2.029940
-8.768729
19.408241
-19.152101
10.681289
-8.453632
13.760772
-13.289395
2.018767
8.821859
-10.556040
9.901447
-15.883493
24.748735
-26.979779
22.130254
-17.618580
16.831908
-16.182903
12.206744
-5.640740
-1.253375
7.210207
-11.356636
13.313062
-14.796139
17.971002
-20.873007
18.485433
-10.628200
3.869077
-2.563187
3.599654
-3.004719
0.924783
2.777025
-9.857866
17.727586
-20.314777
17.194545
-13.970061
12.478682
-8.738071
1.472265
4.980251
-7.413978
7.196837
-5.903597
2.596690
3.095239
-9.057980
13.501517
-16.593768
17.872514
-15.790948
11.833766
-10.414516
11.970060
-11.770511
8.579387
-7.275928
8.935322
-6.491671
-4.336419
16.885444
-21.739534
18.081394
-12.950220
12.296125
-14.803048
13.785794
-6.052470
-2.161743
2.687896
2.315996
-3.333255
-1.327118
3.390991
0.060989
-0.434118
-7.472161
14.937504
-12.545879
5.257374
-3.218696
4.348406
0.714213
-10.445499
13.468977
-6.667641
-0.997059
3.431531
-4.212621
6.505173
-6.664698
1.759343
3.675823
-2.971282
-3.497854
7.839146
-3.910406
-4.280144
6.599141
-0.393532
-4.886668
1.120631
5.645906
-3.800818
-5.574630
9.284785
-1.305256
-8.395151
7.932476
1.180577
-7.901665
5.977614
0.826504
-5.402839
4.617050
-0.215525
-4.289144
6.328328
-5.289743
2.346741
0.788672
-3.470307
5.966134
-7.520889
6.248259
-2.054392
-2.052296
3.222577
-2.268064
2.468212
-5.093261
6.894720
-3.218635
-5.400327
11.661919
-9.423236
1.471920
4.210846
-3.946860
0.404978
2.239548
-1.595031
-1.781242
4.358061
-4.078649
4.589117
-9.794032
16.021758
-16.926461
13.860217
-12.659603
12.249177
-6.031884
-5.949529
15.011448
-15.253906
10.630489
-8.386371
9.572028
-9.459412
5.638844
-1.091805
-1.909083
6.092585
-13.826955
21.349879
-22.832002
17.715663
-10.365957
4.444644
-0.393631
-3.033611
6.684117
-9.982226
11.582969
-10.995044
8.847364
-5.920484
3.033174
-1.009455
-0.402596
2.337285
-4.920596
7.276258
-9.333260
11.555232
-13.512089
14.600436
-14.747892
12.954639
-7.635728
-0.134256
6.641241
-10.054387
11.856042
-12.836220
11.425790
-7.983512
7.022892
-10.987064
13.942278
-8.161285
-2.032032
1.803398
13.111181
-25.952815
20.198331
-3.812451
-2.451356
-3.645106
4.455506
7.241751
-16.033770
8.761665
4.901369
-7.717868
-0.887954
7.765248
-5.833543
-0.194031
4.016164
-4.465194
3.137953
-1.451467
0.388816
-0.384683
1.037017
-1.232777
-0.138621
2.172438
-1.356641
-3.706378
7.939485
-5.313628
-1.837730
5.357439
-3.120791
1.257922
-3.443255
5.217379
-1.894283
-3.833724
6.421957
-5.641169
5.429108
-6.588746
5.685883
-1.342639
-2.891045
3.714328
-2.681745
2.950631
-3.811728
1.992923
2.359389
-4.826057
3.029200
-0.538353
1.569144
-4.081068
2.645384
2.557470
-5.141120
2.002012
2.441885
-4.055110
4.720502
-5.990291
3.795078
3.657696
-8.779659
4.358447
4.104194
-5.618896
-0.009303
3.239725
-0.071552
-3.659956
2.907659
0.028883
-0.724935
-1.087820
2.352761
-1.887913
2.994393
-8.877092
15.912409
-16.738151
11.606661
-9.172908
12.316880
-12.335438
3.707287
4.921652
-4.044418
-0.813948
-1.445466
8.499151
-8.964462
2.057884
1.705219
1.780547
-5.942184
7.170255
-9.331390
13.367965
-14.373055
10.919760
-7.534586
6.382923
-4.292488
-0.806664
6.330689
-9.076703
9.163586
-8.661976
7.898837
-4.933744
-0.683472
5.507217
-5.767232
2.102013
1.520238
-2.555544
1.972404
-2.548729
5.603919
-8.747768
7.999446
-3.108395
-1.447280
2.154487
-0.695182
0.715694
-2.246382
1.764025
2.032452
-4.964105
2.755197
1.849199
-2.268897
-2.110487
5.328885
-4.175542
1.907588
-2.169594
4.586224
-6.938976
8.132884
-8.733445
9.600329
-9.605480
6.574717
-2.168451
1.657384
-5.571335
6.819220
-0.917582
-5.810433
4.423025
2.922962
-4.232771
-6.041413
17.663346
-17.116781
6.373443
-0.248222
4.616142
-8.175787
0.652517
10.880066
-12.167191
1.897947
7.378086
-6.184841
-1.719366
6.746870
-5.064730
-0.014738
4.118001
-5.174799
2.776191
1.684307
-4.653612
3.275453
1.015068
-3.519306
1.573843
2.152806
-3.061260
0.798568
0.903048
-0.616052
0.484920
-0.308429
-2.509315
5.346334
-1.815722
-6.101016
7.605163
0.740876
-8.560777
6.962921
-0.879750
-0.641411
-1.379759
-0.104702
4.452093
-3.261730
-5.541216
11.859060
-6.093116
-7.546138
15.907427
-12.055842
0.715468
8.807225
-10.675656
5.820669
-0.695430
0.468293
-2.148629
-0.975594
7.492150
-8.269207
1.151634
4.356511
-2.347264
0.374092
-5.644824
10.515353
-3.556690
-10.702874
16.031458
-6.714036
-5.854660
9.622578
-5.753126
3.041020
-4.472928
4.246833
2.546309
-11.104742
11.640542
-2.540988
-6.802032
8.741397
-6.709151
7.148587
-8.598801
6.127688
-1.659920
1.192288
-4.570845
6.452639
-5.752280
6.143842
-8.104833
8.074617
-5.249292
2.107237
1.765479
-8.980546
16.558524
-16.630900
8.136250
-0.894207
2.740086
-8.236677
7.373774
-1.281089
-0.117552
-5.450937
8.834870
-3.776756
-3.850896
4.661462
2.280852
-9.347526
9.267451
-2.732947
-2.390649
0.718075
3.086241
-1.362223
-3.397207
1.379769
7.592015
-10.891336
1.771009
8.682661
-6.338092
-5.935540
12.193425
-4.487844
-8.007095
10.981880
-1.047590
-11.226900
12.830451
-2.669378
-7.424889
7.856170
-2.376213
-1.078386
3.123780
-6.879340
7.121025
0.905715
-8.299011
3.735061
6.876927
-8.160890
-0.693513
6.000669
-1.987198
-2.856153
2.449116
-1.535900
4.257088
-6.078901
2.019323
4.835065
-7.510822
3.486562
3.624849
-8.022712
6.606794
-1.696646
-1.584088
1.268051
0.124960
-0.396116
0.472296
-1.559953
2.605994
-2.123744
0.975219
-1.597589
3.905944
-3.797969
-1.099524
5.897204
-4.309932
-1.513671
4.531584
-4.079660
4.356671
-4.328772
-0.024764
5.681303
-5.679535
0.575452
2.603121
-1.242680
-0.753811
0.483837
0.557660
-0.640637
1.026319
-3.384552
6.455556
-8.182938
9.414409
-11.162999
10.516979
-5.812015
2.785367
-6.656424
11.483948
-8.023676
-1.044031
4.941457
-1.307034
-1.703946
-1.312712
6.216149
-6.461461
1.859189
1.902076
-1.207924
-0.855115
-0.038457
2.447370
-2.248204
-0.050915
0.768180
0.526230
-1.504213
1.862070
-2.836806
3.607294
-2.063352
-1.336717
2.981601
-0.325690
-4.029511
4.606780
-0.397931
-2.909883
0.478252
4.710366
-5.772203
1.080590
3.760315
-3.080991
-1.786657
4.356078
-1.832989
-0.953970
-1.121170
5.442473
-5.359661
-0.030776
4.503098
-2.681624
-3.768036
8.144995
-5.807741
-0.715957
4.261983
-1.177309
-4.671195
6.971758
-4.014089
-0.524042
2.070592
0.406950
-3.245529
1.720179
3.694249
-6.306928
1.380017
6.465679
-8.761954
5.219030
-3.678671
7.042114
-8.156617
1.652373
6.653847
-8.267607
3.973218
-0.648938
0.628494
-0.706300
-1.065027
3.099111
-3.825239
3.928634
-4.598626
4.856043
-1.982896
-4.425053
10.199526
-10.644231
5.847425
0.146654
-4.009606
5.007095
-4.007476
2.480308
-1.379502
0.568132
-0.169997
0.973619
-1.956062
0.129579
4.616990
-7.419523
4.382478
1.648406
-4.531926
2.581209
0.298221
-0.736751
0.087237
-1.302346
3.621089
-2.972130
-1.973046
6.453207
-4.768642
-1.911217
6.337482
-4.632444
0.788317
0.531557
-0.610899
1.998985
-2.583242
0.175245
1.676353
1.089582
-5.781904
6.859376
-3.886856
0.465251
2.104824
-5.493494
9.727465
-11.187370
6.445400
2.358087
-8.161879
6.928231
-2.541845
0.624132
-0.571449
-1.501790
4.716485
-4.331628
-0.138544
2.937853
0.461652
-6.592623
7.304601
-0.435617
-5.631048
2.032464
7.681022
-11.179330
4.108960
4.244649
-4.225134
-2.399515
7.434582
-6.969976
2.739571
2.717950
-7.457960
8.820909
-4.868325
-2.367012
6.970004
-4.457079
-2.212363
4.079312
3.474535
-13.650166
16.019834
-10.203798
5.810464
-8.502460
12.854088
-11.676520
6.529334
-3.919569
4.412533
-2.013316
-5.268736
10.305766
-6.123832
-3.510273
8.474505
-6.187774
4.792161
-10.518582
17.718457
-16.942520
9.556865
-6.176755
10.188849
-12.079113
4.612946
4.684379
-3.744924
-6.874745
14.947713
-11.957195
1.554115
6.032404
-4.619961
-2.262896
5.874878
-3.086942
-0.027371
-2.265621
6.622480
-6.081096
0.724029
2.848272
-1.321524
-1.138172
-0.917004
7.165596
-12.180018
11.620678
-6.575124
2.332307
-3.188372
7.939608
-11.206652
10.093159
-7.385060
6.197710
-4.967453
1.465043
2.150121
-3.391447
4.831822
-9.413482
13.331011
-10.123625
0.631915
6.795851
-6.152055
-0.217677
5.636761
-5.726342
0.791694
4.919568
-5.759959
0.074136
6.369162
-6.346813
0.800125
2.590391
-0.651711
-1.781494
0.723819
1.226048
-0.497065
-1.472502
1.126177
1.549577
-3.270159
2.074338
0.590073
-2.247750
1.944710
0.115049
-3.478550
6.650376
-7.038513
3.458794
1.811247
-4.383978
1.575123
4.466784
-8.049603
6.023403
-1.569336
-0.317028
-0.819247
2.141692
-2.726309
3.648822
-4.564860
3.741061
-1.055827
-1.014993
-0.070962
3.378271
-4.523916
1.169730
2.623883
-0.972207
-5.212621
8.096159
-2.739591
-5.711507
7.587328
-0.997189
-5.592460
5.253040
-1.635998
0.908948
-0.960116
-2.703548
5.994074
-2.337878
-4.158832
3.665298
3.066719
-5.268202
-0.547998
5.266081
-2.252012
-2.752380
2.796745
-1.369190
3.985171
-6.116573
0.946941
6.676676
-6.371306
-1.543161
7.165836
-5.438624
0.297058
2.725893
-1.382325
-2.692565
4.468044
-0.504083
-5.118815
4.807916
2.093532
-7.948350
6.504543
-0.025329
-4.089671
1.901600
2.708536
-2.846394
-2.208177
5.256444
-0.775298
-6.644600
7.843335
-1.667216
-3.735941
2.936370
-0.150410
1.023309
-3.705288
3.335772
-0.357883
-1.541127
1.781234
-1.735813
0.974793
0.298497
1.213192
-6.732843
11.034818
-8.935057
3.904610
-3.668427
7.975242
-8.559062
2.831986
1.109618
2.668662
-8.602261
8.746087
-3.107670
-4.714718
13.390888
-19.562060
17.248626
-8.196040
3.866670
-10.213940
18.204125
-16.356176
6.638179
-0.857297
4.431376
-10.224417
9.032167
-1.873628
-1.907207
-1.773794
5.218647
-0.002137
-9.279480
10.007180
-0.089209
-7.533276
2.834080
6.994440
-8.173039
-0.665955
8.526861
-7.744733
1.529473
2.956962
-2.526630
-1.178289
4.501412
-4.719600
1.934277
1.396113
-2.486279
0.017091
4.267479
-5.847482
2.312282
2.183560
-1.330843
-4.591942
9.016409
-8.067182
4.170646
-0.440742
-3.098284
6.300834
-6.717899
3.202380
1.334415
-3.341682
3.080766
-3.469422
5.498558
-6.840284
4.848597
0.322330
-5.573427
7.400204
-5.054483
1.129986
1.820563
-4.311647
7.575866
-9.329753
5.380750
4.159453
-13.157664
15.067517
-8.945480
-0.398058
7.189648
-9.186469
7.747044
-4.656456
0.756035
2.507139
-3.059549
0.763361
2.097833
-3.452407
2.899762
-0.964115
-1.343917
2.881207
-3.365905
3.140712
-2.221275
1.017629
-0.393603
-0.778478
4.957758
-10.596292
11.954309
-7.086015
1.105033
1.308988
-1.623114
3.011417
-4.737229
3.645941
1.250464
-7.057000
9.313291
-6.637260
2.417373
0.024404
-1.696904
3.901129
-3.635071
-1.292669
6.194537
-5.482474
1.630217
-0.800172
2.301988
-0.497033
-4.491289
6.283871
-2.305670
-3.077935
6.073838
-7.498975
8.245197
-6.712483
2.736372
0.355844
0.291646
-3.593370
6.168103
-5.966391
3.856363
-2.241373
2.091973
-1.882310
0.252399
1.728488
-2.689068
3.456076
-4.870861
5.175847
-3.028639
1.296455
-3.587423
8.186700
-10.107614
8.460451
-6.736566
6.193362
-4.689232
2.407745
-2.708233
5.895291
-7.433410
4.349233
0.462579
-2.213299
0.096831
2.500495
-2.876939
2.326566
-3.144026
3.944071
-1.922357
-1.062036
0.551453
2.298894
-1.674218
-2.774988
4.395391
-0.132768
-4.501391
3.983762
-0.378424
-1.159567
0.201214
-0.267662
2.352580
-3.213802
0.067395
5.914891
-11.377964
13.984356
-13.415972
10.882121
-8.037726
5.644301
-3.524139
1.581541
0.397061
-3.260632
7.038528
-9.769235
9.211495
-5.258640
0.976481
-1.390516
7.750083
-12.556554
7.507941
2.475029
-4.062767
-3.759468
8.291375
-5.605501
6.917255
-16.699812
22.433463
-14.772514
2.730275
0.541000
4.262603
-7.175830
3.528337
3.322848
-8.882534
10.861155
-8.154034
2.195068
1.619275
0.344551
-3.154610
-0.735514
8.644973
-9.961276
2.806172
2.270587
1.002381
-4.643644
-0.940286
12.360192
-18.083065
13.434127
-4.846392
0.503819
-1.391137
3.008794
-2.958158
3.283211
-5.922852
9.555348
-11.805623
11.854660
-9.787495
5.327972
1.151222
-6.776978
7.401737
-2.732552
-1.189301
-1.430027
7.689753
-9.374404
4.895664
-1.495599
3.951814
-7.477304
5.440216
0.430849
-2.379337
-2.472515
8.165665
-7.773182
1.633515
4.421962
-6.041679
2.994168
2.021216
-4.405609
0.760580
6.509662
-10.992891
10.157726
-7.593465
6.805051
-7.329850
7.520654
-7.098104
6.671862
-7.314946
9.631266
-11.862616
11.479943
-9.410223
8.673547
-8.317532
4.469202
1.194525
-1.416023
-4.426789
5.946059
3.515031
-14.772403
15.028249
-6.616103
1.818726
-3.047829
1.768552
4.587969
-8.736908
7.306049
-5.863872
7.964250
-9.446945
6.468914
-1.609665
-0.719201
-0.107683
2.032020
-3.866699
5.727301
-7.058467
5.982930
-1.587979
-3.507322
4.605842
-0.082755
-6.068328
8.439890
-6.085556
2.221739
0.589688
-1.523051
-0.725483
5.684405
-7.611918
1.612553
7.079921
-8.675013
3.575355
-1.181689
3.530499
-2.267883
-5.778725
12.456686
-11.884278
8.765466
-7.903235
5.934068
0.045730
-4.858002
3.655854
-0.382108
0.543505
-2.357491
1.941097
-0.243338
-1.855992
7.328789
-14.611271
14.158505
-2.064759
-10.652875
11.585900
-3.540773
-1.291408
-0.890463
2.542325
2.053729
-8.476124
8.877374
-2.548004
-3.508412
3.539429
0.138619
-0.731011
-3.531374
6.398144
-2.262535
-4.791342
5.740278
0.458273
-5.479830
3.841538
1.126640
-5.193516
8.718051
-11.056492
7.559454
2.711209
-11.664930
10.044137
1.316772
-11.842714
12.676597
-5.128963
-3.219817
7.900623
-9.945058
11.109273
-11.266006
10.038843
-7.444661
3.380236
1.040581
-2.927855
0.797116
2.727770
-3.363030
0.042907
3.739118
-3.756623
-0.303251
4.926868
-7.171002
7.097023
-5.576869
2.193791
3.022970
-7.208675
6.596904
-1.794254
-1.240506
-1.336756
4.833641
-2.274896
-4.825498
9.057296
-8.572288
7.192608
-4.959888
-1.046682
7.191308
-5.401983
-3.758373
9.303641
-4.307030
-4.425462
5.816230
0.211585
-3.221729
-2.541863
10.580540
-12.188587
7.448586
-2.426650
1.067354
-3.457281
7.549134
-10.276965
10.227279
-9.254883
9.224413
-9.583712
9.675118
-9.157086
5.629705
2.247558
-9.452943
9.194828
-2.409241
-3.557520
4.498435
-2.145363
-0.139451
-0.565094
5.729470
-11.710226
11.128891
-2.809391
-4.404369
3.477527
0.501015
0.818686
-5.361179
5.599557
-2.745050
3.852429
-7.017434
2.942753
7.974170
-13.361890
7.278205
0.846048
-1.405132
-1.353796
-1.278075
6.644266
-4.980121
-3.889349
9.138808
-4.772399
-2.486122
3.854671
0.171115
-3.077903
2.401221
-2.110065
5.692042
-9.908874
8.080314
0.570680
-8.815121
10.483763
-7.188707
3.351268
0.263142
-4.272127
6.697009
-5.535640
2.307595
-0.039985
-0.238854
-0.724733
2.580476
-5.726833
9.317975
-9.948413
4.695040
3.840606
-8.674973
6.457766
-1.205138
-1.754634
1.646159
0.024164
-2.616486
3.786889
0.964817
-10.909897
16.727455
-11.122360
-0.429384
6.495122
-4.350742
0.163100
2.752272
-6.535486
10.472086
-9.689674
3.972499
-0.190951
2.815295
-7.506969
7.946491
-5.280548
5.640078
-9.538450
10.213044
-4.715847
0.063266
-2.752705
7.548038
-4.795957
-4.296327
8.920736
-4.558685
-1.432268
1.914603
0.488132
-0.263764
-0.905588
-2.390113
8.923808
-11.335415
6.943425
-1.654271
1.353015
-4.425988
5.675340
-4.398016
5.028212
-10.198873
15.838783
-15.281165
7.851067
-0.450227
-0.750281
-2.606356
4.580456
-3.314652
2.798853
-6.131206
9.036880
-3.697411
-8.457510
12.995021
-0.391037
-15.862165
13.453615
6.049276
-16.425333
4.043993
12.757912
-12.003031
-1.170670
6.992579
-1.588737
-2.542594
-0.096918
1.665375
2.414135
-5.189861
0.780582
5.123669
-3.972211
-2.584662
5.555726
-1.832385
-2.327509
1.329447
1.985105
-1.642924
-1.850241
2.295437
2.065089
-5.011081
1.823706
3.074331
-3.060445
-0.683061
2.468700
-1.515346
1.026531
-1.022625
-0.744903
2.876228
-1.771208
-2.142423
4.524739
-2.885609
-0.889236
3.241549
-2.345859
-0.737831
3.274055
-3.218188
0.755319
2.007367
-2.653169
0.515537
2.351369
-3.097420
1.455929
-0.031936
0.402396
-0.457198
-2.169328
4.803863
-1.850425
-6.206225
10.481870
-4.757266
-4.767663
6.986946
-1.014512
-3.519681
1.228895
1.826912
1.066568
-5.929868
4.339394
2.414855
-4.408479
-1.325235
5.701804
-1.560204
-5.577341
5.803272
2.010386
-9.520393
8.041236
2.357190
-10.773574
6.359253
6.298221
-10.876071
2.155735
6.497992
-4.320556
-1.858619
2.166026
0.376816
0.946807
-2.923817
-0.318242
4.716068
-2.539475
-3.714773
4.608561
0.900630
-3.562019
-1.327511
6.043662
-1.956954
-7.224536
9.962094
-2.099512
-7.881804
9.318041
-1.958555
-4.582224
3.928342
-0.935985
2.459500
-5.404837
2.609999
3.544234
-4.787033
1.261089
0.269934
0.297385
1.862811
-4.484613
1.692368
3.426958
-3.214645
-0.857452
1.824155
-0.670527
3.163766
-6.902481
4.468540
2.728186
-5.704505
2.445728
-0.736988
4.916603
-8.170821
2.291474
9.332183
-14.000578
5.277516
7.999896
-11.932803
4.740988
2.115726
-0.768054
-2.607643
-0.652807
6.681137
-5.507078
-1.427535
3.063451
2.015335
-2.316450
-6.578811
12.657234
-5.888903
-5.575731
7.754769
-1.045684
-2.955719
-0.064117
2.980478
-0.505716
-3.254226
2.879742
0.058524
-0.915422
-0.620755
1.543406
-0.982318
0.543072
-0.881686
1.117678
-0.792846
0.410626
-0.430098
0.638980
-0.519450
0.174997
-0.364859
1.056349
-1.131053
0.445768
-0.279279
0.732655
-0.333413
-0.764358
0.376417
1.759549
-2.740702
0.561792
2.786529
-3.533767
0.630739
2.737933
-2.643777
-0.842103
3.840738
-3.533072
0.811602
1.651383
-1.708222
-1.010457
3.808058
-2.638990
-2.307999
5.091874
-1.174506
-5.877845
8.090600
-2.654679
-4.935811
7.689559
-4.821711
0.829066
1.416962
-2.952971
4.399688
-4.003196
1.433491
0.376136
0.687274
-2.450548
0.909218
4.626489
-9.647092
8.506128
-1.202215
-5.573576
6.445207
-3.991371
3.377297
-3.156164
-1.782159
9.097967
-9.560481
1.049817
6.418714
-4.460522
-2.319983
4.721587
-1.613761
-2.666334
6.431293
-8.312313
3.824404
7.031914
-14.705111
10.976881
-0.172019
-7.077490
6.686976
-2.638639
0.071130
-0.934171
3.291904
-2.856557
-2.139774
7.498274
-7.460834
2.007516
3.288535
-4.308703
2.541418
-1.681966
2.034019
-0.439674
-3.954478
6.756919
-4.037722
-1.253409
3.058928
-1.093815
0.552386
-3.209383
4.674049
-1.750619
-2.676038
4.459081
-3.899493
3.468552
-2.276129
-2.946497
10.843899
-13.458609
5.194277
7.957973
-13.581653
7.590920
1.833199
-6.219508
6.157166
-5.941676
5.388641
-1.759339
-4.103034
7.919359
-6.742658
1.536811
3.944119
-6.150724
4.427999
-0.982501
-1.551538
1.879099
-0.441595
-0.445641
-1.797920
6.199921
-7.325586
0.953812
9.317305
-13.719765
6.728643
5.139836
-9.703175
4.076563
2.073379
-0.951144
-2.725573
1.192151
3.275179
-3.002848
-2.226431
5.400026
-2.784064
-2.435003
5.588055
-4.924107
1.452963
2.269179
-3.285481
0.581211
2.930454
-2.900912
-0.346958
1.314583
1.910309
-3.251590
-1.242859
5.027186
-1.331854
-4.593043
3.934493
1.012270
-1.868397
-1.268743
1.425692
2.464755
-4.113452
0.171589
4.828508
-4.689455
-0.533628
4.670599
-3.268712
-1.059011
3.068905
-2.004833
0.663289
0.296864
-2.278575
3.872820
-1.267956
-4.718723
6.464773
0.543960
-8.275114
5.052660
6.261465
-10.237876
1.582563
7.198825
-5.845442
0.312843
0.487076
0.872822
1.949750
-6.467092
5.279566
2.401260
-9.220181
8.082944
0.278862
-7.871965
7.623818
-0.706503
-5.530410
6.036563
-2.238110
-1.587137
3.227723
-3.034756
1.681441
0.460583
-2.411966
3.166744
-2.813979
1.369012
1.773858
-4.891984
3.943610
0.785019
-2.889053
-0.344060
2.363005
2.008276
-6.848359
3.957945
3.991749
-7.304840
2.719527
3.815392
-5.655889
1.966223
2.829288
-3.510605
-0.640011
4.505782
-3.131959
-1.863379
4.799653
-3.286053
-0.382158
3.200666
-3.237410
-0.139559
4.307111
-4.571039
0.515250
2.374212
-0.410406
-3.067537
3.185626
-0.160307
-2.624767
3.700423
-3.730653
2.903057
-0.511477
-3.597253
8.158501
-10.651271
8.282444
-0.261673
-9.549062
13.660467
-7.967393
-2.245627
7.357151
-5.055158
1.897425
-2.196313
2.060585
2.205123
-6.296142
4.236094
1.502939
-2.727333
-2.518386
6.577945
-2.656073
-5.650038
9.120367
-4.716992
-2.176571
6.200951
-7.127616
6.052831
-2.304593
-3.338577
6.805865
-5.511107
2.222581
-1.086695
1.735698
-0.457144
-3.734095
7.224667
-6.419304
2.166932
1.647499
-2.969151
3.301418
-4.318701
4.705265
-2.128412
-2.652027
5.676370
-3.780704
-2.092316
7.153100
-6.580246
0.618400
4.584257
-3.436225
-2.203544
4.996195
-0.856436
-6.394172
9.559814
-6.041092
-0.001273
3.604755
-4.625251
5.045367
-4.071634
0.865042
1.153717
0.727509
-2.425720
-0.746449
5.143192
-4.046917
-1.058114
2.738924
0.650643
-3.241761
1.372524
1.577292
-1.427801
-0.664604
0.975473
0.913270
-2.148875
1.014609
1.428549
-3.257009
3.411968
-2.414168
1.883971
-1.879567
-0.029852
4.199025
-6.266485
3.658359
-0.867098
2.151366
-3.565912
-0.139913
5.348991
-5.150821
1.102038
0.100198
1.361469
0.182919
-4.144240
3.776205
1.630742
-4.563476
1.288713
2.769554
-2.538613
0.377757
-0.110419
0.586725
0.675439
-2.190548
1.011469
2.008741
-3.007395
0.653628
1.826873
-1.306256
-0.710905
0.801402
0.810429
-1.142111
-0.221543
0.875007
-0.036421
-0.587285
0.069316
0.529589
-0.161149
-0.679733
0.679843
0.301132
-0.647241
-0.499627
1.331661
-0.223533
-1.191108
0.763481
0.425313
-0.295710
-0.552928
0.477764
0.153281
-0.140371
-0.277986
0.262750
0.027193
0.019542
-0.293699
0.231978
0.161929
-0.296112
0.006682
0.206486
-0.163665
0.163302
-0.055461
-0.417738
0.595780
0.038334
-0.512633
-0.005474
0.544026
-0.172597
-0.278248
0.014379
0.247591
0.097880
-0.430974
0.228292
0.130163
-0.180838
-0.070743
0.300735
-0.151893
-0.248912
0.283510
0.153209
-0.370635
0.077567
0.143620
0.062029
-0.256337
0.034882
0.317699
-0.245078
-0.255132
0.474357
-0.000116
-0.449305
0.113478
0.361749
0.006574
-0.633134
0.327756
0.509927
-0.602587
0.016927
0.205834
0.038612
-0.082159
-0.073058
-0.044024
0.275858
-0.159483
-0.129068
0.134759
0.020937
0.045874
-0.244825
0.262351
-0.135260
0.056742
-0.024921
0.016589
-0.079091
0.120301
-0.045077
0.012463
-0.124147
0.138132
0.091898
-0.281633
0.172696
0.077683
-0.199158
0.148830
-0.029173
-0.085545
0.178822
-0.222299
0.122238
0.131030
-0.305617
0.206013
-0.018546
0.025231
-0.156609
0.181898
-0.071662
-0.090948
0.225016
-0.189489
-0.018420
0.110423
0.078292
-0.298588
0.302190
-0.148865
-0.045532
0.202593
-0.164218
-0.044992
0.076407
0.188297
-0.352145
0.140995
0.180752
-0.301370
0.246115
-0.134462
0.029311
-0.026628
0.118426
-0.103164
-0.102394
0.295328
-0.292181
0.151438
-0.030860
0.011638
-0.036123
-0.020812
0.112632
-0.032262
-0.158495
0.127745
0.096546
-0.150247
0.111049
-0.325988
0.481358
-0.061782
-0.446390
0.265646
0.144335
0.102854
-0.580137
0.345836
0.280264
-0.416712
0.184551
-0.112008
0.076151
0.006898
0.258399
-0.691337
0.537219
0.038462
-0.116376
-0.247249
0.234210
0.053600
0.062212
-0.353321
0.253758
-0.094736
0.300100
-0.446805
0.256287
-0.168731
0.237303
-0.006436
-0.307675
0.160318
0.114958
0.000171
-0.149652
0.033836
-0.077277
0.271809
-0.029317
-0.419123
0.307689
0.143344
-0.225404
0.063254
-0.042004
0.020470
0.043399
0.011921
0.058633
-0.320168
0.187868
0.340644
-0.395865
-0.094003
0.291971
-0.149016
0.194257
-0.161323
-0.252177
0.376800
0.123822
-0.478597
0.295508
-0.091621
0.071786
-0.037502
0.126471
-0.331760
0.217983
0.123689
-0.153852
0.042605
-0.257888
0.450462
-0.180291
-0.127927
0.086161
-0.026551
0.084339
0.085281
-0.393064
0.389085
-0.166943
0.126249
-0.204370
0.153076
-0.043910
-0.032340
0.178170
-0.328652
0.259305
-0.043099
-0.020398
-0.089101
0.115812
0.030463
-0.184524
0.212344
-0.146058
0.079886
-0.040580
-0.070586
0.340103
-0.590219
0.514919
-0.169615
-0.067124
0.098278
-0.136404
0.144215
0.049332
-0.197671
0.018142
0.131718
0.168247
-0.536674
0.388375
0.062137
-0.224216
0.101684
-0.096976
0.210301
-0.097089
-0.236703
0.364252
-0.141827
-0.002369
-0.227255
0.452682
-0.231478
-0.215758
0.361959
-0.082782
-0.318720
0.476092
-0.295950
0.142881
-0.375978
0.673499
-0.530007
0.216204
-0.214840
0.216880
0.112464
-0.243314
-0.109698
0.213525
0.246130
-0.459887
0.073223
0.189359
0.010503
-0.177715
0.128529
-0.114641
0.060217
0.146171
-0.194939
0.020636
-0.050355
0.290557
-0.226290
-0.123413
0.176843
0.120054
-0.267406
0.199770
-0.262214
0.350738
-0.075843
-0.357428
0.369773
-0.004831
-0.148189
-0.050129
0.156339
0.038468
-0.249238
0.245940
-0.120056
0.015499
0.030361
-0.021344
0.005270
-0.065207
0.189682
-0.232167
0.067325
0.223564
-0.361087
0.189216
0.008623
0.170161
-0.531195
0.418552
0.202979
-0.513935
0.108903
0.335697
-0.234516
-0.015690
-0.020019
0.064536
0.005862
0.210682
-0.571704
0.372854
0.213291
-0.264169
-0.210080
0.369738
-0.122856
-0.002512
0.025563
-0.181299
0.239269
-0.108016
0.107370
-0.220613
0.154050
-0.010141
-0.047915
0.186733
-0.332594
0.161485
0.172000
-0.327097
0.409570
-0.441694
0.149392
0.181768
0.008446
-0.348415
0.150294
0.228698
-0.140561
-0.125827
0.101089
0.009696
-0.002965
0.047017
-0.128153
0.116283
-0.149098
0.266736
-0.230922
0.048360
-0.000751
0.123169
-0.219270
0.217709
-0.173159
0.132038
-0.103116
0.089411
-0.178586
0.368149
-0.307276
-0.156855
0.381990
0.128292
-0.702095
0.586556
-0.175039
0.054491
-0.054160
0.030540
-0.175074
0.251088
0.060816
-0.353900
0.231441
-0.048146
0.107024
-0.189902
0.188590
-0.167101
0.039144
0.098125
-0.008223
-0.102734
-0.003125
-0.003828
0.248347
-0.193870
-0.278852
0.536899
-0.335192
0.096627
-0.073700
0.159129
-0.224189
0.200775
-0.183969
0.297510
-0.310508
0.081814
-0.073031
0.405882
-0.366539
-0.116539
0.152604
0.214489
-0.028556
-0.459321
0.263172
0.220220
-0.118250
-0.068088
-0.252991
0.377532
0.107973
-0.387728
0.099679
0.061860
0.152634
-0.184645
-0.179444
0.516560
-0.469917
0.139110
0.085027
0.018470
-0.233553
0.291075
-0.218976
0.078123
0.125719
-0.218879
0.126050
-0.052971
-0.000409
0.186127
-0.234027
-0.022890
0.033245
0.404812
-0.537383
0.149330
-0.043629
0.329069
-0.225836
-0.189129
0.147876
0.192488
-0.209955
0.078654
-0.082560
-0.067450
0.268294
0.042659
-0.531312
0.289629
0.404176
-0.426546
-0.196083
0.343445
0.243948
-0.632969
0.348420
0.029302
-0.066090
0.051937
-0.181006
0.224658
-0.133849
0.069684
0.023098
-0.160252
0.114335
0.067051
-0.103556
0.114150
-0.259849
0.218251
0.007505
0.174044
-0.580663
0.307188
0.355759
-0.201058
-0.581336
0.721735
-0.195971
-0.005064
-0.250964
0.412651
-0.346317
0.105296
0.312497
-0.549296
0.306114
0.033466
-0.081965
0.077302
-0.236505
0.341580
-0.249298
0.077088
0.056797
-0.049567
-0.101462
0.172127
-0.079535
0.055004
-0.121891
0.029382
0.149404
-0.126474
0.008700
-0.059911
0.181042
-0.188078
0.131882
-0.054970
-0.050721
0.056225
0.070365
-0.105041
-0.011955
0.013531
0.194571
-0.292962
0.015714
0.394089
-0.427615
0.032342
0.221199
-0.002961
-0.209134
-0.023492
0.317404
-0.217834
-0.024155
0.061849
-0.011424
-0.009072
0.060293
-0.036642
-0.106446
0.125236
-0.050927
0.213787
-0.404204
0.141839
0.216788
-0.015525
-0.375753
0.245932
0.075278
0.042326
-0.276959
0.109518
0.171104
-0.163218
0.011507
0.134531
-0.294429
0.250932
0.079766
-0.251108
0.042653
0.105124
0.040794
-0.146085
0.089652
-0.091407
0.087425
0.088403
-0.213377
0.103465
0.006080
0.039863
-0.096910
0.136276
-0.213366
0.171403
0.068177
-0.254870
0.193918
-0.001627
-0.102723
-0.006873
0.190750
-0.069830
-0.363370
0.515449
-0.134864
-0.203339
0.121107
-0.001938
0.088643
-0.065861
-0.214778
0.506176
-0.602030
0.412657
-0.013202
-0.187736
-0.023093
0.203770
-0.056126
0.013077
-0.317892
0.465252
-0.139808
-0.257394
0.311963
-0.034275
-0.321457
0.379265
-0.010103
-0.279264
0.004710
0.433088
-0.357078
-0.089781
0.245595
0.060642
-0.418463
0.492929
-0.380251
0.332868
-0.320959
0.144741
0.061495
0.027034
-0.281191
0.289196
-0.078513
-0.027250
0.021309
-0.065873
0.094644
-0.000628
-0.145913
0.249369
-0.284129
0.267809
-0.211880
0.009275
0.361079
-0.508229
0.167920
0.129480
0.091887
-0.278469
-0.086866
0.374351
-0.028526
-0.318348
0.085848
0.251808
-0.206074
0.001704
0.114081
-0.172436
0.115853
0.083663
-0.228964
0.192891
-0.044735
-0.082825
0.018636
0.208128
-0.223191
-0.090937
0.298859
-0.199378
0.108677
-0.090381
-0.058206
0.111620
0.199279
-0.509444
0.434013
-0.173870
-0.021800
0.151280
-0.155204
0.106125
-0.278042
0.501947
-0.321374
-0.043875
0.022271
0.231490
-0.213002
-0.014482
0.150563
-0.166027
0.070104
0.058002
0.038264
-0.232729
0.055444
0.341152
-0.361764
0.128274
-0.189024
0.425776
-0.423375
0.261903
-0.120642
-0.024593
0.011066
0.230018
-0.262229
-0.091326
0.322763
-0.223320
0.175582
-0.185770
-0.059320
0.290308
-0.116925
-0.112908
0.017758
0.095795
-0.002920
-0.019439
-0.039217
-0.110577
0.293072
-0.177137
0.007947
-0.054151
-0.000804
0.293506
-0.317293
-0.107218
0.405989
-0.269035
0.065699
0.007782
-0.165903
0.347109
-0.248775
-0.038816
0.210275
-0.234020
0.114016
0.203459
-0.357466
-0.041521
0.474640
-0.207718
-0.310957
0.259223
-0.059649
0.441576
-0.803553
0.380852
0.147598
-0.006747
-0.191000
-0.142816
0.385303
-0.133901
0.002839
-0.220578
0.237185
-0.007109
-0.006571
-0.086594
-0.047862
0.111743
0.196758
-0.460343
0.262384
0.107406
-0.148801
-0.166721
0.411923
-0.241227
-0.115536
0.168407
0.006464
0.049965
-0.224210
0.063669
0.240384
-0.200596
-0.064016
0.210309
-0.259240
0.219358
-0.036007
0.004557
-0.236479
0.209954
0.204777
-0.333063
0.049377
-0.040990
0.307007
-0.158136
-0.259335
0.244229
0.019914
0.052793
-0.223818
0.038974
0.211264
-0.121084
-0.128162
0.261172
-0.300592
0.244398
-0.016275
-0.237619
0.273612
-0.105851
-0.053906
0.111428
-0.141576
0.206826
-0.305551
0.419999
-0.432001
0.182408
0.155570
-0.144504
-0.205158
0.371751
-0.183790
-0.006597
0.042680
-0.026967
-0.082385
0.210625
-0.107945
-0.029679
-0.146520
0.291225
-0.058433
-0.019798
-0.322264
0.348283
0.097022
-0.115661
-0.328604
0.254038
0.283202
-0.316741
-0.098930
0.209857
-0.054031
-0.006105
0.106298
-0.240998
0.096099
0.149324
-0.064018
-0.216047
0.322801
-0.253296
0.145023
-0.069036
0.082083
-0.085186
-0.009431
-0.040172
0.334403
-0.441220
0.147023
0.111962
-0.052932
-0.090182
0.152640
-0.144635
-0.002090
0.169510
-0.079054
-0.134454
0.104541
0.078926
-0.100449
0.001288
0.051403
-0.119439
0.268770
-0.381122
0.308346
-0.048314
-0.202856
0.276138
-0.285807
0.306958
-0.095518
-0.310104
0.376024
-0.054656
-0.060547
-0.056990
-0.115238
0.400350
-0.255698
-0.031176
-0.030302
0.110104
0.127230
-0.274839
0.060146
0.176105
-0.212701
0.176137
-0.114343
0.008245
0.086101
-0.152541
0.176135
-0.129447
0.090863
-0.032151
-0.214732
0.434139
-0.221822
-0.136924
0.076464
0.156221
-0.046959
-0.161982
0.115644
-0.061765
0.162592
-0.198025
0.171620
-0.174720
0.009768
0.290540
-0.363505
0.237879
-0.196020
0.165307
-0.080245
0.116063
-0.133815
-0.072646
0.151624
0.089996
-0.147069
-0.120485
0.169675
0.034711
-0.035114
-0.029306
-0.166623
0.268500
0.019913
-0.288908
0.229358
-0.077579
0.052099
-0.135450
0.229598
-0.191497
0.079764
-0.152215
0.313736
-0.241264
0.067805
-0.041454
-0.052146
0.287195
-0.306404
0.115534
-0.020839
-0.102748
0.316219
-0.189229
-0.226723
0.297424
-0.019373
-0.151642
0.242441
-0.220862
-0.234960
0.643808
-0.281824
-0.203104
-0.049996
0.316609
0.160161
-0.569684
0.262939
0.099834
-0.119857
0.147464
-0.156817
0.028050
-0.129536
0.390244
-0.230746
-0.167630
0.170996
0.102291
-0.260940
0.331177
-0.229026
-0.130805
0.264400
0.060710
-0.273005
0.135716
-0.039706
-0.041710
0.275530
-0.215434
-0.230652
0.337779
-0.007632
-0.047169
-0.185127
0.162684
-0.015103
0.054011
-0.043129
-0.080040
0.046226
-0.004162
0.136991
-0.114412
-0.091355
0.029004
0.170423
-0.063808
-0.048237
-0.145344
0.147079
0.186926
-0.193639
-0.123408
0.041592
0.276130
-0.112604
-0.230789
0.070775
0.233344
-0.080743
-0.189106
0.115525
0.028559
0.004029
0.048543
-0.234732
0.229397
-0.083556
0.190066
-0.464833
0.419645
-0.037801
-0.189421
0.087150
0.004079
0.145771
-0.356081
0.373097
-0.186254
0.024603
-0.113745
0.356598
-0.410004
0.190657
0.040980
-0.165184
0.272526
-0.297251
0.154479
-0.035065
0.024724
0.146093
-0.511297
0.629751
-0.302102
-0.095014
0.188892
-0.009619
-0.189667
0.200026
-0.092626
0.169919
-0.407548
0.339693
0.101479
-0.313986
0.041503
0.178815
0.017609
-0.292768
0.320277
-0.196095
0.015172
0.228774
-0.343968
0.153621
0.116035
-0.139268
-0.031613
0.177155
-0.294248
0.391169
-0.265806
-0.085960
0.239185
0.014115
-0.227339
-0.000637
0.369212
-0.390614
0.070116
0.275620
-0.389959
0.138999
0.298064
-0.433086
0.149680
0.033136
0.150239
-0.237572
-0.041521
0.198914
0.107334
-0.429557
0.336992
-0.107975
0.114031
-0.198389
0.135725
-0.077460
0.100625
0.058254
-0.409096
0.516175
-0.252774
0.014127
0.039623
-0.106829
0.093879
0.187823
-0.379523
0.143928
0.100953
0.023786
-0.122236
-0.077046
0.152243
0.033468
-0.021926
-0.210298
0.218523
-0.097181
0.223172
-0.325013
0.027803
0.270661
-0.127835
-0.111552
0.043698
0.090030
-0.009642
-0.124414
0.141277
-0.046217
-0.192386
0.432034
-0.302142
-0.116966
0.234255
0.005008
0.027122
-0.393859
0.412137
-0.004800
-0.134567
-0.086732
0.070231
0.156565
-0.000059
-0.417003
0.422416
-0.060862
-0.012457
-0.293601
0.382621
0.047583
-0.487800
0.281664
0.344085
-0.453754
-0.124156
0.414254
0.020981
-0.298714
-0.089882
0.358056
-0.013609
-0.289062
0.127379
0.057170
-0.016021
-0.009752
-0.011156
-0.045128
0.082028
-0.065195
0.104306
-0.130074
0.097158
-0.190799
0.362458
-0.306679
0.098917
-0.056944
0.115188
-0.093025
0.098657
-0.136229
0.042272
0.033859
0.082034
-0.117463
-0.072491
0.175776
-0.159684
0.289547
-0.338413
0.022851
0.186271
0.043681
-0.109006
-0.306500
0.523586
-0.250532
0.107865
-0.261199
0.182967
0.091623
-0.053073
-0.144537
0.013661
0.241703
-0.135596
-0.192751
0.276183
-0.072554
-0.064933
-0.074093
0.263101
-0.139378
-0.191951
0.238783
0.021328
-0.050073
-0.216770
0.183514
0.212306
-0.241378
-0.248158
0.403841
0.137550
-0.524246
0.153669
0.277662
-0.060891
-0.263277
-0.002104
0.372624
-0.166162
-0.180813
0.060912
0.143894
-0.061002
0.142948
-0.431103
0.177448
0.466183
-0.382352
-0.344139
0.435457
0.206319
-0.475680
0.222053
-0.167068
0.240029
-0.010951
-0.131298
-0.141103
0.228162
0.199647
-0.473818
0.179281
0.164021
-0.104699
-0.144461
0.271123
-0.230001
0.061709
0.171936
-0.345097
0.365123
-0.254254
0.115527
-0.037137
0.004187
0.054127
-0.138736
0.175033
-0.094186
-0.070770
0.129652
0.021127
-0.119440
-0.049897
0.163686
0.023798
-0.082927
-0.193761
0.207636
0.195578
-0.233831
-0.232808
0.356870
-0.049880
0.069292
-0.289601
0.021979
0.338122
-0.044755
-0.417883
0.253820
0.213745
-0.328235
0.159063
-0.016712
-0.057274
0.085166
-0.150451
0.358126
-0.491215
0.284263
0.024091
-0.084973
-0.000331
0.067841
-0.189154
0.250287
-0.032150
-0.212230
0.101350
0.111408
0.050386
-0.398708
0.409298
-0.151133
0.123533
-0.359423
0.411473
-0.142542
-0.139811
0.269277
-0.307816
0.203846
0.027957
-0.087458
-0.132642
0.319911
-0.295370
0.158453
0.095475
-0.363702
0.252071
0.177203
-0.252575
-0.154562
0.375269
-0.128259
-0.164314
0.211589
-0.066060
-0.149431
0.199856
0.012661
-0.177162
0.137570
-0.144743
0.163565
0.051520
-0.215547
0.041980
0.069210
0.076381
-0.047165
-0.121439
-0.001945
0.112763
0.161611
-0.248710
-0.165038
0.371123
-0.140463
0.123741
-0.382800
0.405043
-0.212380
0.010910
0.240432
-0.268273
-0.078353
0.173465
0.175430
-0.208159
-0.086889
-0.078766
0.370312
0.019589
-0.430732
0.070253
0.243057
0.133700
-0.348394
-0.011278
0.177119
0.010928
0.043540
-0.268888
0.214887
0.013670
-0.190264
0.317845
-0.299005
0.150865
-0.145945
0.276561
-0.320169
0.303383
-0.202042
-0.110767
0.317051
-0.143299
0.047810
-0.249502
0.145380
0.339261
-0.447213
0.123087
-0.005667
0.064991
0.034824
-0.033237
-0.189497
0.215532
-0.018358
-0.057739
0.068516
-0.098230
-0.066318
0.267001
-0.131580
-0.138969
0.242035
-0.317361
0.316211
-0.045294
-0.100317
-0.153865
0.235227
0.061095
-0.074749
-0.203257
0.050300
0.340819
-0.192214
-0.280025
0.399247
-0.228446
0.041135
0.170878
-0.185064
-0.157608
0.353323
-0.040589
-0.287424
0.127013
0.327157
-0.607498
0.434387
0.074426
-0.378110
0.197908
0.009844
0.099602
-0.174952
0.015859
0.050501
0.010585
0.101341
-0.249959
0.132127
0.004826
0.195589
-0.519905
0.542159
-0.216670
-0.154088
0.270655
-0.140457
0.041127
-0.063401
-0.016573
0.226274
-0.261813
0.060767
0.034791
0.147403
-0.334147
0.263080
-0.095071
0.116601
-0.195778
-0.005445
0.326599
-0.312496
0.063056
0.008068
-0.023772
0.262160
-0.456111
0.382685
-0.301133
0.236455
0.008647
-0.099882
-0.203777
0.284026
0.134857
-0.279344
-0.101077
0.246223
-0.063310
0.191230
-0.402416
0.067358
0.392690
-0.340032
0.108937
-0.103449
0.106395
-0.071491
0.195799
-0.289643
0.192158
-0.146969
0.135043
0.111849
-0.348623
0.221350
-0.017453
0.052611
-0.107133
0.055887
-0.082698
0.129440
-0.045708
0.011652
-0.152769
0.274176
-0.261541
0.164602
-0.023479
0.019009
-0.265536
0.372366
-0.020359
-0.310126
0.108048
0.253097
-0.210597
-0.103138
0.273010
-0.208771
0.059067
0.014223
-0.000032
0.065856
